1000
39
11
13
45
21
4
24
49
11
42
3
3
40
46
28
2
28
28
22
14
47
34
46
39
7
34
12
8
16
11
29
4
21
41
48
43
47
23
42
7
15
44
12
6
41
39
10
21
18
31
36
14
17
31
3
23
15
16
32
32
26
11
35
48
3
34
43
1
6
34
10
22
29
21
30
22
9
39
44
27
21
29
42
37
10
46
12
26
11
45
7
38
7
43
38
10
26
30
10
33
13
19
7
43
41
36
14
50
26
7
28
48
36
21
37
47
17
48
24
29
42
32
17
49
24
4
10
1
33
21
35
47
42
41
39
32
28
5
33
5
11
12
3
48
33
39
46
49
38
19
27
31
2
45
31
27
50
40
29
32
13
14
30
6
6
19
37
34
25
22
40
35
33
42
35
15
30
30
15
17
1
44
50
2
38
30
31
38
22
9
21
34
22
1
39
28
21
27
13
47
50
2
31
35
46
17
49
27
49
16
46
49
9
45
2
48
24
34
37
45
43
8
28
14
10
18
43
32
47
7
28
46
11
10
32
8
27
31
34
27
48
29
27
8
23
28
5
47
12
42
43
6
1
23
21
12
42
14
43
38
22
22
36
34
31
17
41
9
49
25
37
48
5
13
5
28
43
10
26
4
3
20
11
5
42
31
16
34
44
10
23
18
31
8
1
13
27
44
24
27
18
10
25
22
23
29
1
15
40
28
20
44
48
30
48
39
10
13
22
6
22
47
25
4
4
25
17
32
18
42
9
37
1
33
11
25
11
11
41
3
39
12
46
36
41
46
26
3
8
50
10
32
46
34
37
49
10
5
33
30
46
41
18
49
23
28
23
35
41
16
39
29
27
37
16
20
32
43
22
41
42
33
24
37
16
11
38
27
15
20
6
13
10
24
11
34
1
35
20
43
50
9
21
27
45
38
46
28
31
19
18
24
1
42
11
18
4
48
44
18
19
2
30
30
25
42
13
27
27
34
20
26
44
42
4
38
32
1
17
14
21
35
37
23
28
47
40
31
46
36
50
14
37
32
43
13
23
7
41
49
41
10
27
34
4
30
24
37
31
42
50
1
26
36
24
3
35
15
35
32
2
35
48
38
16
42
2
38
49
43
39
41
4
15
26
9
46
1
45
26
43
46
29
20
32
4
25
18
20
9
49
22
45
48
11
12
40
15
2
40
9
40
30
12
6
7
23
1
10
17
29
2
13
9
23
46
12
47
15
33
8
15
6
2
13
17
16
2
33
17
41
41
6
22
2
13
30
26
13
39
45
41
42
9
49
15
6
12
13
20
47
22
34
2
24
48
20
41
1
2
7
41
42
14
14
46
26
44
21
40
34
15
31
26
25
31
42
30
45
6
49
41
28
35
42
3
34
14
43
35
15
49
27
9
12
41
4
39
36
26
28
19
43
10
46
17
41
37
47
37
45
47
29
22
31
22
24
15
35
16
1
50
16
27
10
29
17
13
17
2
40
46
23
32
6
18
1
48
7
47
34
1
45
12
22
28
35
47
42
20
14
44
21
29
20
30
9
37
42
25
40
33
20
14
17
27
32
17
24
38
15
9
40
9
20
13
36
5
9
29
26
22
22
46
2
42
25
10
30
18
36
21
50
7
35
16
34
16
34
7
5
48
16
46
7
37
8
44
43
16
23
18
39
44
15
42
37
41
1
18
8
38
39
10
44
23
27
27
40
11
36
46
10
1
41
18
39
48
12
32
15
34
1
3
29
18
44
18
8
46
35
18
33
23
27
26
47
5
5
36
17
40
33
27
42
23
44
30
20
5
13
36
40
16
40
21
33
35
38
42
30
22
9
14
47
35
42
45
42
48
33
8
37
15
36
28
38
30
9
9
36
24
47
26
39
36
46
23
21
35
14
2
6
23
16
4
9
9
49
50
6
33
10
42
47
45
21
36
26
31
47
12
4
43
39
44
28
34
18
48
20
32
50
25
6
17
31
14
25
31
16
32
13
27
23
11
21
45
47
47
27
43
10
33
35
48
28
12
33
46
12
2
27
13
28
32
29
10
47
5
40
14
36
4
40
10
15
11
6
11
9
32
5
20
16
39
17
44
2
49
39
13
2
17
25
29
50
5
39
48
9
30
12
46
34
1
5
48
13
10
10
23
44
14
42
11
4
10
4
5
8
44
18
11
10
44
42
11
49
32
9
9
11
20
5
46
22
9
45
37
21
6
9
16
19
1
26
24
10
32
29
20
25
48
32
35
41
23
47
41
6
5
50
17
26
4
14
48
14
11
5000
334
436
866
694
203
437
946
79
410
108
110
538
929
134
337
560
70
480
235
417
270
690
423
821
458
299
476
224
598
890
234
283
677
451
976
880
887
274
958
649
381
419
538
661
904
875
220
974
354
806
742
623
496
164
444
305
462
919
528
411
160
113
693
189
564
21
68
450
294
377
98
674
795
636
686
698
862
905
23
215
63
764
189
910
280
984
214
93
903
94
504
414
206
196
602
769
216
21
571
861
397
668
886
191
655
571
241
516
828
615
82
890
379
271
799
10
254
364
102
508
457
605
922
15
153
875
783
720
896
705
581
292
725
466
835
379
389
427
247
216
41
328
105
771
598
255
780
204
618
882
711
427
838
984
441
990
859
575
62
754
280
994
397
4
459
583
734
847
9
332
414
50
12
518
820
609
772
600
164
742
833
875
168
22
858
608
12
716
182
425
821
813
418
570
168
228
152
902
427
161
585
840
562
596
710
733
557
481
684
720
222
516
594
741
538
804
348
901
519
882
677
692
694
94
613
214
321
764
467
99
276
51
939
189
647
648
922
203
480
605
274
54
121
868
794
10
671
142
262
541
375
938
584
420
31
196
633
703
312
99
802
939
150
92
128
148
91
49
702
922
653
975
975
125
194
769
486
864
262
747
757
988
684
340
407
66
888
40
121
199
490
274
137
991
365
616
138
807
664
839
728
317
166
703
793
359
823
279
223
436
25
331
423
61
22
181
126
909
572
598
459
62
871
948
52
587
563
542
393
579
732
473
247
897
175
39
256
349
317
830
136
694
512
558
754
533
738
231
794
662
829
252
723
51
551
126
638
466
667
382
44
751
854
290
647
28
680
254
728
349
83
863
42
594
772
147
479
862
729
272
523
909
523
597
960
426
722
949
891
741
330
286
491
184
927
489
563
606
743
291
954
825
505
347
771
277
493
249
490
574
520
12
834
394
608
793
171
681
741
413
421
71
698
263
606
624
752
168
230
846
810
535
670
315
882
792
943
726
392
432
299
263
443
133
657
402
277
179
82
370
592
855
792
289
469
397
913
572
564
494
417
374
28
439
40
909
230
982
635
974
413
285
236
207
769
244
608
46
423
41
767
14
247
558
302
716
306
566
639
221
59
56
594
87
494
985
347
75
966
333
400
730
618
636
936
738
879
895
135
301
936
901
314
182
810
968
249
115
533
888
336
592
295
281
30
140
266
728
566
231
61
966
313
30
601
248
767
831
143
902
132
430
802
797
611
612
764
212
78
649
451
413
592
97
694
621
236
959
700
801
541
760
118
853
789
718
453
556
901
595
809
32
24
962
180
986
925
944
549
3
592
351
415
535
447
460
507
682
418
206
835
311
966
952
515
754
22
967
661
922
913
469
305
288
431
484
626
355
779
174
709
722
525
124
256
971
583
762
5
353
968
191
15
285
494
881
38
867
200
51
140
112
871
444
400
653
280
377
8
410
550
68
132
426
543
739
749
478
853
105
830
820
295
196
456
140
76
493
7
275
895
146
739
766
942
490
418
573
866
777
982
767
845
465
193
387
204
941
864
56
45
45
227
691
592
682
830
20
526
836
646
773
334
384
538
627
873
307
199
90
84
180
857
280
997
49
18
200
341
234
607
737
630
185
427
222
218
608
593
95
796
238
867
129
622
404
755
846
63
305
936
498
836
144
777
832
192
146
383
884
379
989
620
9
525
46
582
94
5
174
189
800
411
55
928
384
811
34
230
873
338
517
370
174
660
498
357
203
643
740
86
22
80
705
382
605
102
315
698
106
488
238
906
250
293
185
986
103
571
567
327
260
83
48
785
94
545
142
648
187
881
733
560
960
789
293
916
890
607
966
995
446
203
252
48
847
437
33
301
359
599
627
618
33
674
403
478
570
544
125
757
776
857
668
87
645
961
3
534
567
320
880
13
874
484
412
73
920
444
373
278
42
352
247
426
377
649
903
947
192
27
55
319
883
722
406
879
682
760
764
249
431
643
613
304
126
24
376
397
819
101
26
860
804
273
637
180
273
539
126
817
565
180
135
799
254
540
677
935
651
440
535
81
434
499
385
560
522
112
308
692
564
686
903
367
310
539
547
582
77
24
398
641
556
885
439
809
776
467
95
427
906
630
507
340
128
243
251
2
355
910
693
270
595
596
637
256
134
535
838
211
910
587
203
817
471
994
625
247
460
720
673
718
701
179
57
828
422
659
829
128
568
522
749
515
469
385
770
602
271
959
164
533
546
719
349
368
712
326
966
523
45
638
240
745
169
296
924
942
306
753
421
874
626
169
740
446
906
509
47
528
468
563
60
365
281
409
732
992
734
50
866
130
39
106
226
559
753
501
500
59
605
272
284
230
793
375
27
698
883
74
577
702
988
637
418
268
397
502
611
482
551
476
963
589
933
540
148
686
40
999
96
645
623
379
226
415
753
253
464
987
678
40
41
17
28
810
636
776
311
246
609
213
73
923
802
6
462
301
43
854
651
138
850
273
868
427
687
972
31
502
958
60
542
350
76
921
160
711
697
470
308
657
683
733
580
836
90
41
488
132
246
138
621
95
763
488
874
801
459
904
303
768
316
196
118
391
116
277
454
164
98
761
821
132
845
400
319
934
792
158
417
390
296
37
836
410
876
709
210
686
965
512
454
280
707
923
22
175
551
475
338
648
588
510
132
432
261
802
718
405
960
134
794
607
523
981
16
750
42
225
436
6
89
241
637
147
163
658
321
713
133
11
712
72
872
195
855
133
997
572
537
956
58
682
562
932
14
577
681
55
153
468
60
593
708
48
740
870
706
412
934
190
774
998
613
646
192
467
778
540
391
666
495
800
699
408
731
712
336
763
119
841
583
530
433
290
578
524
512
283
936
797
824
709
794
436
354
338
902
483
877
644
148
372
443
198
131
525
910
467
640
380
307
222
909
739
863
486
263
374
120
550
171
943
258
316
378
964
653
632
446
530
275
946
253
70
143
383
594
404
849
585
783
507
806
692
246
669
177
860
394
297
409
564
591
18
232
969
981
884
952
779
765
578
724
17
647
218
752
593
622
600
177
756
107
335
799
704
3
328
915
396
976
323
312
566
692
543
886
25
778
189
803
543
767
878
911
765
95
662
357
68
614
886
176
72
220
974
127
574
653
41
969
628
715
632
194
406
526
431
782
656
620
584
550
738
813
460
502
260
474
211
679
87
96
854
510
667
180
636
240
832
676
560
812
742
192
357
147
69
787
281
724
758
216
273
495
29
85
997
640
558
207
318
996
654
524
857
320
703
492
911
886
519
470
697
260
13
53
758
82
192
38
157
949
606
782
444
634
218
792
273
127
350
942
122
3
465
330
674
519
173
584
757
43
53
453
654
66
858
411
499
49
801
7
349
406
788
144
391
5
935
15
131
284
956
604
638
773
285
311
291
457
894
47
499
299
852
152
716
61
915
566
461
67
572
809
824
712
953
566
68
887
580
551
523
887
506
160
659
791
823
302
247
68
348
98
366
551
601
433
611
867
998
71
933
922
880
108
633
184
673
700
70
604
250
944
843
756
104
501
898
926
802
144
345
502
593
711
52
546
495
663
412
493
85
697
414
964
804
398
499
829
97
569
784
699
864
626
806
967
479
703
244
280
198
589
781
791
651
185
336
145
199
99
989
283
795
754
599
951
151
97
779
248
17
914
298
881
540
103
199
370
805
795
649
2
735
782
144
737
318
831
233
516
930
222
798
724
975
748
26
126
845
804
725
861
70
22
93
961
124
292
330
280
86
330
281
172
111
777
908
780
607
140
295
888
361
445
612
688
192
637
165
388
793
241
601
214
262
693
174
737
336
855
368
773
184
1000
944
647
776
203
426
735
343
73
622
55
517
585
742
60
574
258
800
718
498
400
931
111
444
456
847
132
310
214
904
493
214
200
491
341
402
269
75
96
341
697
151
209
633
244
620
206
502
419
923
999
170
853
110
966
660
308
97
969
874
352
814
439
903
304
131
657
572
206
752
264
254
902
472
886
498
92
92
999
862
14
349
32
219
810
997
230
470
445
199
343
796
364
133
699
19
263
707
943
820
458
206
73
712
30
311
209
121
402
207
982
767
907
365
337
717
713
567
186
157
117
880
953
480
364
3
498
626
61
440
798
518
998
870
229
27
180
789
499
933
347
832
52
254
197
388
322
909
306
859
66
422
90
370
253
453
724
751
430
784
542
227
653
539
449
234
917
980
22
415
913
369
247
316
974
443
55
647
703
361
505
120
134
594
841
387
398
564
489
827
699
382
54
704
273
854
937
189
833
310
604
97
30
202
412
3
996
467
649
698
827
505
818
312
98
658
698
495
574
538
674
624
920
79
327
192
932
615
380
116
925
335
213
954
536
624
957
531
442
957
581
620
462
750
932
911
759
981
758
684
519
431
308
438
861
986
629
792
601
8
259
525
343
471
478
230
447
786
113
888
743
693
508
556
794
439
466
552
419
575
236
937
357
895
374
217
880
354
360
480
362
619
4
56
441
482
637
887
267
749
775
361
793
634
916
586
424
734
490
194
660
77
483
17
971
208
585
850
562
297
330
923
267
685
330
707
166
966
946
785
67
72
497
859
705
765
797
128
498
286
321
509
362
803
877
684
11
814
533
572
110
214
846
728
899
527
786
416
844
731
552
910
802
49
121
506
813
917
985
662
554
306
170
915
460
399
598
822
212
482
745
321
48
942
400
946
468
185
713
312
916
265
573
69
665
693
575
829
609
911
842
162
216
363
428
28
761
377
201
972
211
946
644
258
887
43
555
707
580
267
18
495
883
942
563
547
635
489
727
243
400
568
757
967
931
536
346
691
265
547
15
475
492
658
732
730
53
286
436
632
904
805
478
787
747
392
685
381
233
412
975
632
979
83
950
261
619
296
952
883
194
966
709
37
975
792
766
27
429
202
10
332
6
487
118
752
231
155
484
463
566
459
446
896
541
395
157
511
42
460
745
587
777
805
623
751
596
389
130
24
590
139
356
947
978
825
51
208
979
534
670
896
344
115
792
237
861
300
99
255
759
844
841
535
648
464
637
596
852
766
619
793
257
326
91
586
151
141
793
481
27
814
729
370
280
872
958
140
171
57
746
929
252
587
815
251
402
451
846
605
569
465
749
177
142
839
762
644
332
554
125
358
719
205
79
998
76
37
489
246
445
235
526
696
173
692
946
926
494
144
530
414
960
278
590
101
468
351
745
799
256
221
156
974
425
235
323
500
623
812
97
67
398
974
114
922
665
411
847
158
554
728
572
865
357
513
966
824
864
62
975
119
282
130
445
58
716
767
909
690
930
357
108
679
330
221
600
994
984
798
503
889
877
426
754
233
939
71
409
154
132
383
624
765
512
68
822
580
187
82
269
116
438
729
795
767
301
746
112
284
544
966
525
420
744
630
5
34
700
413
187
183
795
810
947
658
230
120
589
768
201
210
235
990
938
381
108
590
127
571
874
22
536
750
793
279
379
149
312
430
561
850
612
707
12
910
717
241
29
657
360
581
866
594
922
155
975
29
745
453
599
970
474
486
719
618
117
449
767
428
878
679
630
841
738
641
750
806
233
130
462
592
710
328
185
631
834
511
11
578
963
609
547
788
94
617
406
210
65
524
990
294
554
971
134
643
611
883
448
843
12
910
434
73
589
970
55
422
481
65
352
443
673
898
583
119
515
988
680
931
863
669
225
768
639
358
411
601
241
858
795
604
119
228
677
707
550
731
481
30
148
832
824
820
81
406
290
595
745
970
878
959
990
102
727
981
459
489
581
51
346
376
655
817
955
683
875
856
765
355
237
912
538
61
84
619
818
373
565
915
694
442
873
684
543
951
16
354
439
948
404
137
323
410
953
630
444
827
837
561
534
74
472
71
486
907
41
303
632
606
569
325
399
442
360
294
744
375
647
183
323
402
319
997
164
623
626
959
449
463
519
334
888
343
757
373
249
797
27
880
754
596
557
153
389
916
446
132
291
444
666
613
845
336
961
8
958
939
319
759
753
837
444
640
179
200
12
780
997
38
11
750
985
567
902
373
483
699
857
125
142
522
89
987
858
49
346
167
987
664
277
739
853
721
378
383
920
741
162
916
131
173
18
115
739
271
488
573
970
696
697
463
217
785
449
426
186
147
945
172
162
221
911
366
941
640
749
213
381
910
480
511
434
497
977
525
768
816
97
89
511
146
551
728
282
352
505
467
850
449
639
363
670
901
729
962
892
477
174
272
738
654
134
172
150
111
696
269
926
144
709
437
289
612
516
923
963
20
741
164
821
379
526
490
631
254
803
523
82
977
146
820
630
280
991
131
742
38
752
19
181
812
807
822
423
322
744
737
694
484
252
514
215
778
355
197
383
157
719
817
485
217
636
466
848
978
597
589
15
700
959
195
863
766
16
286
439
111
374
132
947
626
997
161
755
703
709
137
860
428
953
344
644
940
810
491
917
758
431
283
809
389
478
671
506
845
308
945
308
682
428
254
659
425
766
413
127
474
901
338
253
206
34
248
145
195
90
414
304
520
696
112
261
525
134
766
722
794
62
29
827
490
634
485
266
399
249
744
224
149
82
477
706
467
76
851
661
166
616
964
37
663
427
649
540
560
767
261
705
828
641
531
317
274
15
934
24
263
678
247
764
759
75
469
577
151
671
237
668
638
552
56
301
978
705
840
889
471
452
594
298
92
124
967
365
491
900
388
105
577
986
868
687
61
337
615
563
359
851
582
997
402
637
649
731
341
488
620
163
939
565
813
382
688
779
746
530
30
485
635
959
470
502
997
882
190
612
796
901
814
377
897
216
14
545
946
706
384
917
869
674
481
681
55
521
811
800
50
840
636
684
150
105
538
147
339
79
110
134
331
923
863
227
138
876
123
436
581
858
704
801
531
185
481
937
705
291
88
106
131
723
790
632
180
679
778
518
109
887
3
440
162
865
18
651
92
141
86
25
998
142
825
881
326
306
817
382
596
905
487
78
979
628
710
158
658
839
27
767
78
30
558
239
246
575
889
338
715
327
714
65
468
538
297
145
195
465
878
791
369
716
220
348
696
281
857
353
472
884
471
549
265
28
787
510
603
27
199
669
705
912
85
172
450
733
668
644
198
545
786
918
261
358
617
956
990
474
660
461
357
131
9
621
158
147
482
112
526
681
781
230
592
217
754
393
950
421
389
147
318
526
64
930
883
681
237
225
506
896
685
862
378
694
834
888
192
315
999
717
995
131
299
939
348
52
331
649
824
71
795
493
597
210
422
831
242
658
55
747
906
740
960
283
785
793
170
328
460
521
397
454
651
695
744
350
98
427
998
921
497
144
766
445
706
187
276
947
197
682
46
102
421
5
384
557
798
906
237
609
426
633
62
428
679
158
778
776
584
127
48
432
623
813
877
328
1000
504
626
548
185
23
649
958
28
384
866
177
641
102
785
66
734
198
494
412
355
623
539
290
101
587
74
723
751
302
402
102
805
380
649
341
402
297
650
429
33
516
957
673
617
741
739
703
291
584
466
997
558
5
639
658
943
712
381
693
13
134
795
169
513
443
509
915
92
159
695
124
26
652
796
994
744
886
696
34
469
514
31
378
870
669
36
812
732
768
856
744
901
2
264
414
797
772
328
240
282
22
363
659
25
510
653
769
396
700
802
216
213
184
594
434
852
981
245
935
748
453
678
648
806
293
413
602
65
740
841
698
114
555
357
490
65
9
258
812
60
412
27
273
595
972
706
799
952
303
733
51
107
763
699
912
55
111
866
471
203
58
521
668
613
877
509
29
237
767
840
648
178
218
920
124
190
978
922
493
632
7
544
90
769
594
1
175
56
218
646
610
276
518
629
240
394
138
620
982
904
459
629
433
28
901
556
569
230
830
62
213
836
957
302
604
550
654
130
957
224
127
567
499
644
195
90
389
332
709
370
587
519
351
19
546
603
927
467
184
756
528
396
591
836
49
546
737
702
675
693
925
802
611
775
445
806
216
834
489
276
555
76
146
257
446
44
211
372
510
394
127
389
141
717
224
189
614
312
243
289
4
519
442
967
294
886
772
861
71
612
137
978
39
282
586
485
325
797
856
186
190
335
574
683
403
797
871
17
460
465
305
464
984
98
782
629
335
905
489
406
516
625
735
555
259
320
39
935
116
246
121
658
580
694
340
335
843
562
351
302
379
7
117
362
104
898
990
438
154
478
195
670
455
929
576
65
249
966
999
364
211
471
373
143
517
64
477
359
978
179
12
356
185
481
717
288
730
706
725
884
535
920
905
341
200
480
405
448
445
756
164
7
226
536
149
742
600
977
452
577
155
816
932
691
648
1000
978
729
705
55
612
591
326
516
932
525
347
336
973
791
443
488
798
669
23
298
762
974
275
566
902
781
733
185
472
380
184
801
108
240
207
72
831
532
939
762
57
286
449
381
76
244
868
225
264
242
523
25
216
149
942
117
281
26
302
104
757
837
905
865
77
111
288
907
995
578
20
403
863
820
783
291
63
2
867
326
243
389
703
810
889
996
279
522
22
932
625
778
768
881
994
844
992
633
102
338
211
473
740
425
645
522
715
59
875
934
737
469
674
791
279
563
786
909
436
807
840
60
937
959
941
282
155
284
915
608
621
125
81
360
549
77
233
616
135
459
549
871
927
222
661
557
136
799
465
571
957
304
983
893
263
923
175
769
558
441
376
530
565
456
889
465
884
473
432
19
931
332
241
209
554
254
766
41
52
230
964
360
886
946
253
148
220
779
268
777
219
643
658
135
99
898
951
334
370
383
352
652
714
945
860
619
198
625
12
601
207
975
960
92
272
564
591
843
694
858
971
264
500
628
750
950
525
701
284
894
435
635
897
500
931
108
471
480
733
482
80
291
808
392
382
431
307
972
273
1
829
243
264
328
870
366
278
394
66
561
639
852
547
887
351
830
994
821
309
78
654
741
368
461
132
749
891
438
720
163
790
548
757
406
228
626
771
505
371
188
417
9
39
315
895
389
144
241
562
453
318
215
193
38
28
324
786
918
113
858
433
255
757
189
660
984
167
430
840
537
969
256
546
7
571
792
747
714
384
308
166
702
875
710
739
902
385
876
171
498
733
603
104
842
144
763
825
310
544
665
846
512
272
743
518
842
887
616
908
270
276
425
323
150
135
413
403
519
641
573
368
725
528
471
566
671
233
391
332
128
407
529
639
678
624
508
872
510
124
779
131
399
203
806
900
337
570
302
208
210
874
575
287
753
398
852
423
630
242
106
110
1000
635
748
678
258
256
549
119
731
679
601
481
881
758
380
570
328
681
129
889
906
703
175
659
452
379
433
434
972
539
543
972
173
290
1
782
897
549
900
979
579
852
459
811
610
838
380
289
518
860
529
776
915
56
434
366
434
866
799
405
404
341
376
928
983
376
709
231
276
960
210
854
812
668
665
773
506
396
61
375
608
941
150
522
996
583
887
429
801
686
834
204
378
561
484
360
289
192
943
916
504
152
770
315
819
786
439
676
533
499
51
140
439
552
13
787
487
900
215
287
937
400
842
314
961
325
26
601
869
320
516
372
471
637
38
641
774
476
317
307
326
719
798
116
622
811
902
108
62
469
746
998
868
588
663
180
264
40
780
484
359
296
855
181
284
244
822
58
71
490
716
396
208
865
864
829
27
765
289
88
585
34
437
453
973
100
632
237
491
412
720
850
59
927
30
342
522
203
751
593
692
466
340
899
331
203
80
357
320
368
797
904
753
233
708
726
684
340
314
175
103
385
376
513
663
757
206
185
960
957
129
3
774
468
254
104
23
333
813
694
52
961
949
156
193
657
881
229
348
194
403
802
931
130
314
593
238
519
777
549
475
257
552
249
725
805
704
99
489
868
792
892
828
92
47
373
100
928
601
447
473
355
248
403
484
561
996
73
432
124
622
258
381
525
858
457
329
562
555
169
781
698
60
609
789
106
333
889
385
933
687
210
287
935
612
122
847
959
194
278
435
167
536
167
691
745
623
371
306
529
539
439
226
950
399
366
408
731
606
792
663
293
353
301
579
965
422
777
275
967
55
61
134
942
227
176
38
849
547
344
729
85
134
954
35
532
672
442
262
277
585
276
921
938
576
851
254
349
628
880
667
34
941
152
327
519
328
364
720
874
59
448
310
192
402
696
723
425
489
336
53
426
611
974
363
538
176
968
238
803
199
257
188
491
408
514
10
87
230
729
960
288
176
622
480
929
317
554
705
158
890
758
583
852
83
297
390
258
616
979
413
814
235
600
305
995
466
666
81
695
746
393
982
921
14
813
202
682
367
906
839
608
15
421
459
97
69
200
707
684
179
471
498
413
70
154
407
887
171
840
581
916
232
915
836
245
727
389
926
445
647
117
52
661
889
511
110
958
710
168
641
240
638
490
5
707
995
763
594
165
602
526
80
833
440
268
429
519
8
355
963
654
823
15
667
711
877
776
668
938
943
309
178
580
150
182
638
145
944
583
661
546
461
741
730
900
360
159
418
367
865
381
21
687
747
39
397
975
814
417
912
108
77
89
39
226
622
676
722
566
611
383
463
71
475
192
322
834
702
92
200
566
472
572
604
570
610
1
544
775
417
455
882
493
896
272
70
517
948
792
82
910
526
896
980
1000
440
653
185
141
744
736
59
567
660
662
136
621
662
31
396
430
838
629
274
733
901
344
601
200
487
35
109
364
930
440
363
369
444
547
862
188
634
920
754
293
581
242
914
243
624
661
24
461
289
298
545
541
993
146
92
831
180
200
194
109
991
908
830
787
806
691
974
439
610
79
732
190
320
997
784
944
657
160
756
297
809
301
838
153
446
929
983
625
481
528
85
823
787
914
609
592
956
582
382
917
661
465
107
332
461
242
627
117
753
383
766
561
683
603
713
128
883
47
104
363
926
188
538
712
454
146
303
761
80
685
678
92
149
136
423
962
729
50
430
482
784
195
42
466
797
107
945
680
153
400
394
431
587
931
142
392
429
445
505
508
481
182
599
981
317
373
942
397
774
724
878
557
918
272
374
67
378
318
746
882
717
491
312
656
774
454
399
202
250
903
709
82
436
659
62
104
31
356
501
157
79
378
65
996
649
439
62
378
108
159
612
825
2
275
832
775
728
582
976
329
485
36
410
272
694
824
376
76
179
876
584
609
605
649
956
254
87
18
983
194
528
946
370
529
221
553
655
948
135
630
629
971
17
390
242
710
213
617
138
743
492
721
351
97
369
307
702
807
676
36
1
555
982
722
436
202
275
90
501
409
72
129
379
88
519
620
150
83
589
639
826
80
359
528
528
80
186
229
886
213
265
886
768
246
960
555
799
234
644
299
994
67